4294967279,73
4294967279,72
4294967279,71
4294967279,70
4294967279,69
4294967279,68
4294967279,67
4243767290,0
4294967279,86
4294967279,85
4294967279,84
4294967279,83
4294967279,82
4294967279,81
4294967279,80
4294967279,79
4294967279,78
4294967279,77
4294967279,76
4294967279,75
4294967279,74
4294967278,178
4294967279,113
4294967279,112
4294967279,111
4294967279,110
4294967279,109
4294967279,108
4294967279,107
4294967279,106
4294967279,105
4294967279,104
4294967279,103
4294967279,102
4294967279,101
4294967279,100
4294967279,99
4294967279,98
4294967279,97
4294967279,96
4294967279,95
4294967279,94
4294967279,93
4294967279,92
4294967279,91
4294967279,90
4294967279,89
4294967279,87
4294967278,176
4294967278,173
4294967294,175
4294967294,173
4294967294,15
4294967294,185
4294967294,169
4294967294,170
4294967294,384
4294967294,184
4294967294,180
4294967294,182
4294967278,37
4294967278,36
4294967278,35
4294967278,31
4294967278,29
4294967278,28
4294967278,27
4294967278,26
4294967278,25
4294967278,24
4294967278,21
4294967278,20
4294967278,19
4294967278,18
4294967278,17
4294967278,16
4294967278,15
4294967278,14
4294967278,13
4294967278,12
4294967278,11
4294967278,10
4294967278,9
4294967278,8
4294967278,7
4294967278,6
4294967278,5
4294967278,4
4294967279,132
4294967279,131
4294967279,254
4294967279,130
4294967279,129
4294967279,128
4294967279,253
4294967279,127
4294967279,126
4294967279,125
4294967279,124
4294967279,123
4294967279,122
4294967279,121
4294967279,120
4294967279,247
4294967279,119
4294967279,118
4294967279,243
4294967279,117
4294967279,116
4294967279,115
4294967279,114
4294967279,22
4294967279,21
4294967279,20
4294967279,17
4294967279,14
4294967294,12
4294967278,168
4294967294,1418
4294967278,524
4294967279,338
4294967278,523
4294967279,337
4294967278,162
4294967279,336
4294967278,522
25,5
25,4
25,3
25,2
25,1
4294967278,158
4294967278,521
4294967279,335
4294967278,520
4294967279,334
4294967278,152
4294967278,149
4294967279,333
4294967278,148
4294967278,34
4294967278,33
4294967279,332
4294967278,519
4294967278,32
4294967278,143
4294967279,331
4294967278,142
4294967278,518
4294967278,30
4294967278,141
4294967278,140
4294967278,139
23,6
23,5
4294967278,138
23,4
23,3
23,2
23,1
4294967278,276
4294967278,134
4294967279,330
4294967278,23
4294967278,517
4294967278,22
4294967279,135
4294967279,19
4294967278,133
4294967279,273
22,4
22,3
22,2
22,1
4294967279,281
4294967294,388
4294967279,16
4294967278,273
4294967278,270
4294967279,270
4294967279,279
4294967278,269
4294967279,13
4294967278,268
4294967279,268
4294967278,267
20,4
20,3
20,2
20,1
4294967279,266
4294967278,266
4294967278,265
4294967279,278
4294967294,389
4294967294,115
4294967294,409
4294967294,395
4294967294,385
4294967294,178
4294967294,407
4294967294,179
4294967294,422
4294967294,415
4294967294,183
4294967294,916
4294967294,420
4294967294,403
4294967294,109
4294967294,405
4294967294,456
4294967279,263
18,4
18,3
18,2
18,1
4294967279,329
4294967279,258
4294967294,104
4294967294,106
4294967294,166
4294967294,24
4294967294,160
4294967294,168
4294967279,275
4294967279,256
4294967278,516
4294967278,515
4294967279,328
4294967279,327
4294967279,326
4294967278,514
4294967278,513
4294967279,325
4294967279,324
4294967278,512
4294967278,256
4294967279,323
4294967279,322
4294967278,319
4294967278,318
4294967279,321
4294967279,320
4294967278,255
4294967278,317
4294967278,254
4294967278,250
4294967278,249
4294967279,319
4294967278,247
4294967278,245
4294967278,242
4294967278,240
4294967278,241
4294967278,238
4294967278,237
4294967278,232
4294967278,236
17,5
17,4
4294967278,234
17,3
17,2
17,1
4294967278,233
4294967278,231
4294967278,229
4294967278,227
4294967278,224
4294967278,222
4294967278,223
4294967278,220
4294967278,218
4294967278,213
4294967278,216
4294967278,214
4294967278,316
4294967279,318
4294967279,317
4294967294,907
4294967294,924
4294967294,954
4294967294,441
4294967294,392
4294967294,114
4294967278,315
4294967279,316
4294967278,210
4294967278,314
4294967279,315
4294967278,209
4294967294,38
4294967294,37
4294967294,41
4294967294,40
4294967294,44
4294967294,43
4294967278,208
4294967278,313
4294967279,314
4294967278,207
4294967278,205
4294967278,202
15,6
4294967278,204
15,5
15,4
4294967278,203
15,3
15,2
15,1
4294967294,908
4294967278,312
4294967294,76
4294967294,51
4294967294,52
4294967294,88
4294967294,86
4294967294,85
4294967294,82
4294967278,201
4294967278,311
4294967279,313
4294967279,312
4294967279,0
4294967278,200
4294967294,99
4294967278,198
14,4
4294967278,197
14,3
14,2
14,1
4294967278,310
4294967294,1420
4294967294,92
